Subject TrialNum SetSize Grid_Pos1_ACC Grid_Pos2_ACC Grid_Pos3_ACC Grid_Pos4_ACC Grid_Pos5_ACC Grid_Pos1_RT Grid_Pos2_RT Grid_Pos3_RT Grid_Pos4_RT Grid_Pos5_RT SumACC_Grid Pos1_ACC_SecTask Pos2_ACC_SecTask Pos3_ACC_SecTask Pos4_ACC_SecTask Pos5_ACC_SecTask Pos6_ACC_SecTask Pos7_ACC_SecTask Pos8_ACC_SecTask Pos9_ACC_SecTask Pos10_ACC_SecTask Pos1_RT_SecTask Pos2_RT_SecTask Pos3_RT_SecTask Pos4_RT_SecTask Pos5_RT_SecTask Pos6_RT_SecTask Pos7_RT_SecTask Pos8_RT_SecTask Pos9_RT_SecTask Pos10_RT_SecTask SumACC_SecTask IIP IOP DIP DIOP NPLs Misses
2 1 5 0 1 1 1 1 11.4441 3.7055 1.3877 0.6813 3.5467 8.000000e-01 0 0 1 1 1 1 1 1 1 0 1.7000 1.7000 1.4881 1.4493 1.1591 0.9415 0.7722 0.8455 1.4004 1.4709 7.000000e-01 4 1 0 0 0 0 0 0 0 0 
2 2 5 1 1 1 1 1 2.7181 3.9649 1.5769 1.0171 4.5496 1 1 0 1 1 1 1 1 1 1 1 1.6968 1.7000 1.2579 1.1660 1.1511 1.0182 1.1641 0.9700 1.1186 1.4958 9.000000e-01 5 0 0 0 0 0 0 0 0 0 
2 3 5 1 1 1 1 1 2.4991 0.8527 4.5165 1.0447 0.8422 1 1 1 1 1 1 1 1 1 1 1 1.6552 0.9874 0.7748 1.3240 0.8060 0.7709 0.7270 1.1245 1.2349 1.2536 1 5 0 0 0 0 0 0 0 0 0 
2 4 5 1 1 1 1 1 2.3139 0.6373 0.5597 0.4962 0.3337 1 1 1 1 1 0 1 1 1 1 1 1.0939 1.3100 0.9241 1.0464 1.7000 0.9342 0.7049 0.7123 0.6857 0.7920 9.000000e-01 5 0 0 0 0 0 0 0 0 0 
2 5 5 1 1 1 0 0 7.2604 0.4341 0.4961 2.2971 12.3638 6.000000e-01 1 1 1 1 1 1 1 1 1 1 1.6183 0.9712 0.5539 1.4130 0.7946 0.9144 0.7724 1.2360 0.7305 0.6597 1 3 1 0 1 0 0 0 0 0 0 
2 6 5 1 1 1 1 1 6.0353 0.4387 0.5382 1.3192 3.6438 1 1 1 1 1 1 1 1 1 1 1 1.6821 0.6092 0.8066 0.7569 1.0842 0.6369 0.6994 0.8719 0.7110 0.9812 1 5 0 0 0 0 0 0 0 0 0 
2 7 5 1 1 1 1 1 2.6739 0.4728 2.0476 0.4056 2.6186 1 1 1 1 1 1 1 1 1 1 1 0.6330 0.6137 0.9855 0.7534 0.8155 0.7312 0.6736 0.6794 0.6895 0.8480 1 5 0 0 0 0 0 0 0 0 0 
2 8 5 1 1 1 1 1 2.4301 0.5535 2.3052 0.7536 3.0281 1 1 1 1 1 1 1 1 1 1 1 1.4787 0.4350 0.7054 0.9480 0.6782 0.8063 0.9340 0.8927 0.6280 0.6661 1 5 0 0 0 0 0 0 0 0 0 
2 9 5 1 1 1 1 1 3.8027 0.4375 0.6170 1.6491 0.3396 1 1 1 1 1 1 1 0 1 1 1 1.2184 0.8914 0.8619 0.7039 0.7487 0.7602 1.7000 0.7038 0.8801 0.7930 9.000000e-01 5 0 0 0 0 0 0 0 0 0 
2 10 5 1 0 0 1 0 3.7472 1.2835 3.6752 18.0424 8.1397 4.000000e-01 1 1 1 1 0 1 1 1 1 1 0.7101 1.6463 0.7362 0.6832 1.3801 0.7274 0.6712 0.7428 0.8179 0.7593 9.000000e-01 2 3 0 0 0 0 0 0 0 0 
