Subject TrialNum SetSize Grid_Pos1_ACC Grid_Pos2_ACC Grid_Pos3_ACC Grid_Pos4_ACC Grid_Pos5_ACC Grid_Pos1_RT Grid_Pos2_RT Grid_Pos3_RT Grid_Pos4_RT Grid_Pos5_RT SumACC_Grid Pos1_ACC_SecTask Pos2_ACC_SecTask Pos3_ACC_SecTask Pos4_ACC_SecTask Pos5_ACC_SecTask Pos6_ACC_SecTask Pos7_ACC_SecTask Pos8_ACC_SecTask Pos9_ACC_SecTask Pos10_ACC_SecTask Pos1_RT_SecTask Pos2_RT_SecTask Pos3_RT_SecTask Pos4_RT_SecTask Pos5_RT_SecTask Pos6_RT_SecTask Pos7_RT_SecTask Pos8_RT_SecTask Pos9_RT_SecTask Pos10_RT_SecTask SumACC_SecTask IIP IOP DIP DIOP NPLs Misses
4 1 5 1 1 1 1 1 3.2748 2.5699 2.8225 4.3052 1.3205 1 1 1 1 1 1 1 0 1 1 1 1.0872 1.3420 0.8140 1.3663 1.1661 1.5508 1.7000 1.0570 1.0771 1.2026 9.000000e-01 5 0 0 0 0 0 0 0 0 0 
4 2 5 1 1 1 1 1 2.9547 0.9180 2.7982 1.6695 1.0480 1 1 1 1 1 1 1 1 1 1 1 1.2460 1.1485 0.7162 1.2192 1.2667 1.1375 1.0208 1.0717 0.7787 0.6574 1 5 0 0 0 0 0 0 0 0 0 
4 3 5 1 1 1 1 1 3.7464 1.3250 0.7755 1.0142 0.6621 1 1 0 1 1 1 1 1 1 1 1 0.9046 1.0797 1.3985 0.7140 1.2623 1.0855 0.7887 0.9189 0.9052 1.3516 9.000000e-01 5 0 0 0 0 0 0 0 0 0 
4 4 5 1 1 1 1 1 6.2532 0.7733 0.4363 0.5125 2.6979 1 1 1 1 1 1 1 1 1 1 1 0.8784 0.9916 0.9517 1.0036 1.1959 0.8741 1.1783 1.1439 0.8464 1.6407 1 5 0 0 0 0 0 0 0 0 0 
4 5 5 1 1 1 1 1 3.0694 0.9362 0.3580 0.4907 0.4604 1 1 1 1 1 1 1 1 1 1 1 0.7730 1.2127 0.9202 1.0130 1.4132 1.2242 1.3646 1.4796 1.1109 1.3503 1 5 0 0 0 0 0 0 0 0 0 
4 6 5 1 1 1 1 1 2.3296 0.2658 0.2755 1.0803 0.7743 1 1 1 1 1 1 1 1 1 1 1 1.4532 0.9554 0.9056 1.4333 1.1923 0.8675 0.8241 0.9377 1.1546 1.4164 1 5 0 0 0 0 0 0 0 0 0 
4 7 5 1 1 1 1 1 3.3410 0.3607 0.7964 1.0507 0.2858 1 1 1 1 1 0 1 1 1 1 1 1.0121 0.8700 1.3389 0.8447 1.7000 0.9908 0.9387 0.7128 0.7872 0.8310 9.000000e-01 5 0 0 0 0 0 0 0 0 0 
4 8 5 1 1 1 1 1 7.2013 5.7408 0.3791 0.4839 0.4084 1 1 1 1 1 1 1 1 1 1 1 0.9919 0.8147 0.7421 0.8855 1.2300 0.9270 0.8535 0.8845 0.7112 1.0268 1 5 0 0 0 0 0 0 0 0 0 
4 9 5 1 1 1 1 1 4.9027 0.4728 0.5112 0.6477 0.3598 1 0 1 1 1 1 1 1 1 1 1 1.0891 0.6926 0.9430 1.1003 0.6578 0.8185 0.7381 1.5226 1.3721 0.6622 9.000000e-01 5 0 0 0 0 0 0 0 0 0 
4 10 5 1 1 1 1 1 1.9563 0.2616 0.2483 0.3266 0.2490 1 1 0 1 1 0 1 1 1 1 1 0.9838 1.1657 0.9173 1.1233 1.1388 0.9499 0.7156 1.1437 0.9618 1.1982 8.000000e-01 5 0 0 0 0 0 0 0 0 0 
