Subject TrialNum SetSize Grid_Pos1_ACC Grid_Pos2_ACC Grid_Pos3_ACC Grid_Pos4_ACC Grid_Pos5_ACC Grid_Pos1_RT Grid_Pos2_RT Grid_Pos3_RT Grid_Pos4_RT Grid_Pos5_RT SumACC_Grid Pos1_ACC_SecTask Pos2_ACC_SecTask Pos3_ACC_SecTask Pos4_ACC_SecTask Pos5_ACC_SecTask Pos6_ACC_SecTask Pos7_ACC_SecTask Pos8_ACC_SecTask Pos9_ACC_SecTask Pos10_ACC_SecTask Pos1_RT_SecTask Pos2_RT_SecTask Pos3_RT_SecTask Pos4_RT_SecTask Pos5_RT_SecTask Pos6_RT_SecTask Pos7_RT_SecTask Pos8_RT_SecTask Pos9_RT_SecTask Pos10_RT_SecTask SumACC_SecTask IIP IOP DIP DIOP NPLs Misses
3 1 5 1 0 0 0 0 21.2382 1.6554 51.5301 2.4396 1.0583 2.000000e-01 0 0 1 1 1 0 1 1 1 1 1.7000 1.7000 0.8947 0.9192 0.8145 0.6644 1.0803 0.9938 1.0613 1.0392 7.000000e-01 1 1 0 3 0 0 0 0 0 0 
3 2 5 1 1 1 0 0 5.6959 5.3663 1.0263 2.1126 3.7485 6.000000e-01 1 1 1 1 1 1 1 1 1 1 0.9644 0.9666 0.7503 0.7997 1.0877 0.9485 0.8005 0.7353 0.7391 0.9407 1 3 1 1 0 0 0 0 0 0 0 
3 3 5 1 1 1 1 1 4.7047 1.0111 4.7431 1.0512 0.8784 1 1 0 1 1 1 1 1 1 1 1 1.1019 0.8311 0.8141 0.7833 0.8124 0.9565 1.0055 0.9641 0.9539 1.0024 9.000000e-01 5 0 0 0 0 0 0 0 0 0 
3 4 5 1 1 1 1 1 3.1402 1.4198 1.1966 1.6948 1.1700 1 1 1 1 1 1 1 1 0 0 1 1.0016 0.8246 0.8496 1.0654 1.0255 0.8268 0.9559 1.5942 1.1438 1.0294 8.000000e-01 5 0 0 0 0 0 0 0 0 0 
3 5 5 1 1 1 1 1 4.8720 2.4169 1.4304 11.0881 0.8388 1 0 1 1 1 1 1 1 1 1 1 1.2491 1.1039 0.8930 1.0718 0.7736 0.6399 1.0980 1.1756 0.8426 0.9340 9.000000e-01 5 0 0 0 0 0 0 0 0 0 
3 6 5 1 1 1 1 1 4.1600 0.4057 0.5859 3.1942 0.5552 1 1 1 1 1 1 1 0 1 1 1 0.8959 0.8372 0.8117 0.8457 0.9073 1.0686 0.9303 0.7200 1.2126 1.1140 9.000000e-01 5 0 0 0 0 0 0 0 0 0 
3 7 5 1 1 1 1 1 3.7899 10.2455 1.1814 0.7101 0.6717 1 1 1 1 1 1 1 1 1 1 1 0.8337 1.0706 0.8193 0.8280 0.7657 0.8095 0.9291 0.9841 0.8230 0.8384 1 5 0 0 0 0 0 0 0 0 0 
3 8 5 1 1 1 1 1 4.3567 1.8276 9.2837 0.8410 0.8443 1 1 1 1 1 1 1 1 1 1 1 0.8512 0.6546 0.7640 0.6684 0.8405 0.6073 1.0657 0.6049 1.0341 0.9308 1 5 0 0 0 0 0 0 0 0 0 
3 9 5 1 1 1 1 1 3.9288 1.3347 0.9233 0.9270 0.6394 1 1 1 1 1 1 1 1 1 1 1 0.8049 0.8195 0.8715 0.7835 0.9268 0.8668 0.8650 0.9505 0.9086 0.8200 1 5 0 0 0 0 0 0 0 0 0 
3 10 5 1 1 1 1 1 7.2331 1.4151 0.9261 1.4004 1.0499 1 1 1 0 1 1 1 1 1 0 1 0.8651 0.9308 1.2740 0.6299 0.8620 0.7403 0.7769 0.8772 0.8285 0.7591 8.000000e-01 5 0 0 0 0 0 0 0 0 0 
