2 1 5 1 15.3794 1 2.4245 1 3.4953 1 1.5144 1 1.0835 8.000000e-01 1 1.8172 0 1.8531 1 2.8142 0 3.0000 1 2.4165 1 2.0082 1 1.2856 1 1.1988 1 1.3282 1 1.1046 8.000000e-01 5 0 0 0 0 0 0 0 0 0 
2 2 2 1 5 1 11.0008 1 1.8332 1 8.6021 1 0.6323 1 1.1488 9.000000e-01 1 2.7570 0 3.0000 1 1.7324 1 2.4550 1 1.0292 1 1.6283 1 1.1594 1 0.8640 1 1.2141 1 1.5516 9.000000e-01 5 0 0 0 0 0 0 0 0 0 
2 2 5 1 6.9327 1 7.0649 1 1.7027 1 4.5159 1 1.9329 8.000000e-01 0 3.0000 0 2.2497 1 2.4308 1 1.2526 1 1.1735 1 1.1808 1 1.5750 1 1.1655 1 2.2249 1 1.5856 8.000000e-01 5 0 0 0 0 0 0 0 0 0 
2 3 5 0 2.4234 0 7.5924 0 6.4686 0 16.0023 1 0.7566 9.000000e-01 1 2.7293 1 1.4770 1 1.0034 1 1.4717 1 1.3598 1 2.2943 0 2.4760 1 1.3544 1 0.9105 1 1.1002 9.000000e-01 1 3 1 0 0 0 0 0 0 0 
2 4 5 1 3.6742 1 0.7151 1 11.4723 1 1.0279 1 1.4516 9.000000e-01 1 1.6452 0 2.3782 1 1.2983 1 2.0854 1 1.7641 1 1.4193 1 2.0076 1 1.2265 1 1.1511 1 1.4135 9.000000e-01 5 0 0 0 0 0 0 0 0 0 
2 5 5 1 3.7590 1 28.6110 1 2.1688 1 7.4418 1 1.7544 1 1 2.2459 1 2.2319 1 1.9210 1 1.5140 1 1.6474 1 1.9159 1 1.5123 1 1.8689 1 1.0951 1 2.2319 1 5 0 0 0 0 0 0 0 0 0 
2 6 5 1 1.6278 1 3.7360 1 4.3107 1 12.0771 1 5.5342 9.000000e-01 1 1.9866 1 2.2976 1 1.8028 0 1.6998 1 1.8508 1 1.5263 1 1.5473 1 1.3438 1 1.2377 1 1.5122 9.000000e-01 5 0 0 0 0 0 0 0 0 0 
2 7 5 1 3.2583 1 1.3571 1 2.6534 1 4.5380 1 1.0264 8.000000e-01 0 2.2776 1 1.4110 1 2.3133 1 1.6059 1 1.4911 1 0.9796 1 1.1115 1 1.5171 1 1.8556 0 1.5690 8.000000e-01 5 0 0 0 0 0 0 0 0 0 
2 8 5 1 11.6166 1 2.0852 0 5.9158 0 3.5931 1 5.6117 9.000000e-01 1 1.1294 0 2.2360 1 1.6447 1 1.4067 1 0.9666 1 2.0567 1 1.0615 1 1.5622 1 1.4728 1 1.6720 9.000000e-01 3 2 0 0 0 0 0 0 0 0 
2 9 5 1 7.1717 1 2.0473 1 6.5666 1 0.8972 1 1.9706 1 1 1.7431 1 1.1049 1 1.0498 1 1.3044 1 1.0556 1 1.0314 1 1.5557 1 1.3602 1 1.2812 1 1.8997 1 5 0 0 0 0 0 0 0 0 0 
2 10 5 1 2.0624 1 2.6649 1 5.6140 1 1.7588 1 2.1492 8.000000e-01 1 1.5325 1 1.4651 1 1.1350 1 1.6727 1 2.0670 0 2.1290 1 1.6704 0 1.9809 1 1.4487 1 0.8878 8.000000e-01 5 0 0 0 0 0 0 0 0 0 
