Subject TrialNum SetSize Grid_Pos1_ACC Grid_Pos2_ACC Grid_Pos3_ACC Grid_Pos4_ACC Grid_Pos5_ACC Grid_Pos1_RT Grid_Pos2_RT Grid_Pos3_RT Grid_Pos4_RT Grid_Pos5_RT SumACC_Grid Pos1_ACC_SecTask Pos2_ACC_SecTask Pos3_ACC_SecTask Pos4_ACC_SecTask Pos5_ACC_SecTask Pos6_ACC_SecTask Pos7_ACC_SecTask Pos8_ACC_SecTask Pos9_ACC_SecTask Pos10_ACC_SecTask Pos1_RT_SecTask Pos2_RT_SecTask Pos3_RT_SecTask Pos4_RT_SecTask Pos5_RT_SecTask Pos6_RT_SecTask Pos7_RT_SecTask Pos8_RT_SecTask Pos9_RT_SecTask Pos10_RT_SecTask SumACC_SecTask IIP IOP DIP DIOP NPLs Misses
1 1 5 0 0 0 0 0 7.5530 18.3662 10.3969 7.7934 20.8381 0 0 0 1 1 0 0 1 1 1 1 1.7000 1.4119 1.3562 1.5306 1.7000 1.7000 0.6220 1.3081 1.2159 0.6153 6.000000e-01 0 1 1 3 0 0 0 0 0 0 
1 2 5 1 1 1 1 1 4.3238 2.0306 1.6949 4.4633 7.9764 1 1 1 1 1 1 1 1 1 1 1 0.8674 0.8192 0.9517 1.1655 1.0296 0.9542 0.7657 0.8964 0.8891 0.9294 1 5 0 0 0 0 0 0 0 0 0 
1 3 5 1 1 1 1 1 5.1421 0.6559 0.5348 1.3905 0.5037 1 1 1 1 0 1 1 1 1 1 0 1.0495 0.9210 0.8058 0.6780 0.7278 0.7267 0.9451 1.1588 0.6716 0.9596 8.000000e-01 5 0 0 0 0 0 0 0 0 0 
1 4 5 1 1 1 1 1 4.1521 0.7806 0.3279 1.1313 18.3870 1 0 1 1 0 1 1 1 1 1 1 1.7000 0.7408 0.5040 1.2248 1.1238 0.5014 0.8688 0.7121 1.0168 0.8527 8.000000e-01 5 0 0 0 0 0 0 0 0 0 
1 5 5 1 1 1 1 1 2.5589 0.3851 0.4450 1.7435 0.3981 1 1 1 1 1 0 1 1 1 0 1 1.2807 1.1029 1.0234 0.6230 0.9576 0.8754 1.0898 0.9665 1.1090 1.4581 8.000000e-01 5 0 0 0 0 0 0 0 0 0 
1 6 5 1 1 1 1 1 2.9590 0.2985 0.3251 0.3038 0.3322 1 1 1 1 1 1 1 1 1 1 1 1.2021 0.8646 1.0332 0.8637 0.5837 0.5349 0.5269 0.5087 1.1121 0.9597 1 5 0 0 0 0 0 0 0 0 0 
1 7 5 1 1 1 1 0 2.3461 0.3851 0.3363 2.7171 2.6391 8.000000e-01 1 1 0 1 1 1 1 0 0 1 0.8626 0.6240 0.8743 0.8117 0.5140 0.8009 0.7454 1.5475 0.7371 1.2238 7.000000e-01 4 0 0 1 0 0 0 0 0 0 
1 8 5 1 1 1 1 0 4.5576 0.5179 3.8257 1.3230 1.1384 8.000000e-01 1 1 1 0 1 1 1 1 1 1 0.7511 0.9060 0.5502 1.2182 0.7747 0.8293 0.5774 0.8822 0.8485 0.8046 9.000000e-01 4 0 1 0 0 0 0 0 0 0 
1 9 5 1 1 1 1 1 2.9005 0.6769 0.9729 0.3515 3.7182 1 1 1 1 1 1 1 1 1 1 1 1.2656 1.0518 0.6120 0.6377 0.8239 0.7826 0.8925 0.8748 0.5985 0.7665 1 5 0 0 0 0 0 0 0 0 0 
1 10 5 1 1 1 1 1 5.4913 5.9271 5.7923 0.7106 0.3438 1 1 1 0 1 1 1 1 1 1 1 0.8625 0.3682 0.7573 0.6623 1.2636 0.5491 1.0357 0.7391 0.7396 0.8464 9.000000e-01 5 0 0 0 0 0 0 0 0 0 
