Subject TrialNum SetSize Grid_Pos1_ACC Grid_Pos2_ACC Grid_Pos3_ACC Grid_Pos4_ACC Grid_Pos5_ACC Grid_Pos1_RT Grid_Pos2_RT Grid_Pos3_RT Grid_Pos4_RT Grid_Pos5_RT SumACC_Grid Pos1_ACC_SecTask Pos2_ACC_SecTask Pos3_ACC_SecTask Pos4_ACC_SecTask Pos5_ACC_SecTask Pos6_ACC_SecTask Pos7_ACC_SecTask Pos8_ACC_SecTask Pos9_ACC_SecTask Pos10_ACC_SecTask Pos1_RT_SecTask Pos2_RT_SecTask Pos3_RT_SecTask Pos4_RT_SecTask Pos5_RT_SecTask Pos6_RT_SecTask Pos7_RT_SecTask Pos8_RT_SecTask Pos9_RT_SecTask Pos10_RT_SecTask SumACC_SecTask IIP IOP DIP DIOP NPLs Misses
6 1 5 0 0 0 0 0 11.4455 1.8594 4.8797 4.0817 0.8519 0 0 1 1 1 0 1 1 0 1 1 1.7000 0.7046 0.5122 0.6083 0.7979 0.8276 0.7193 0.6871 0.7219 0.7114 7.000000e-01 0 1 3 1 0 0 0 0 0 0 
6 2 5 1 1 1 1 1 2.9213 7.7585 2.7593 3.8951 5.9018 1 1 1 1 1 1 1 0 1 1 1 1.1138 0.7371 0.7785 0.5663 0.7148 0.6873 0.4190 0.7137 0.8524 0.8040 9.000000e-01 5 0 0 0 0 0 0 0 0 0 
6 3 5 1 1 1 1 1 7.6233 0.6294 6.0040 5.6854 4.0426 1 1 1 1 0 1 1 1 1 1 1 0.8193 1.0112 0.6286 0.6694 0.8192 0.9993 0.5137 0.5813 0.5982 0.6193 9.000000e-01 5 0 0 0 0 0 0 0 0 0 
6 4 5 1 1 1 1 1 9.4146 5.6504 4.2466 0.4302 0.3366 1 1 1 0 1 1 1 0 1 1 0 0.7616 0.8650 0.5191 0.6784 0.6960 0.6701 0.8517 0.5949 0.8060 0.6565 7.000000e-01 5 0 0 0 0 0 0 0 0 0 
6 5 5 1 1 1 1 1 14.8901 0.5895 0.3995 0.4315 4.4439 1 1 1 1 1 1 1 1 1 1 1 0.6201 0.6215 0.8605 0.5561 0.5872 0.7529 0.9088 0.6339 0.5846 0.6340 1 5 0 0 0 0 0 0 0 0 0 
6 6 5 1 1 1 1 1 3.7008 2.0883 4.2408 0.4170 0.2994 1 1 1 1 1 1 1 1 1 1 1 0.5762 0.5618 0.6922 0.6262 0.6140 0.8110 0.8366 0.6740 0.7597 0.5831 1 5 0 0 0 0 0 0 0 0 0 
6 7 5 1 1 1 0 1 2.2138 3.8119 5.1384 1.3949 0.5838 8.000000e-01 1 1 1 1 1 1 1 1 1 1 0.6266 0.6535 0.6439 0.7926 0.5681 0.7292 0.7821 0.7894 0.8221 0.6974 1 4 1 0 0 0 0 0 0 0 0 
6 8 5 1 1 1 1 1 72.7174 3.5000 2.8528 5.1968 1.5371 1 1 1 1 1 1 1 1 1 1 1 0.7699 0.6814 0.8516 1.1256 0.8186 0.4871 1.1412 0.5874 0.5367 0.6857 1 5 0 0 0 0 0 0 0 0 0 
6 9 5 1 1 1 1 1 3.7889 4.7967 0.5749 0.4396 1.2548 1 1 1 1 1 1 1 1 1 1 0 0.7105 0.5522 0.5998 0.5058 0.5052 0.6285 0.6270 0.6200 0.6567 0.7003 9.000000e-01 5 0 0 0 0 0 0 0 0 0 
6 10 5 1 1 1 1 1 2.9777 2.7898 1.9388 0.3412 0.3132 1 1 1 1 1 1 1 1 1 1 1 0.7699 0.4353 0.6500 0.6720 0.6262 0.7568 0.7840 0.7018 0.5172 0.5075 1 5 0 0 0 0 0 0 0 0 0 
