Subject TrialNum SetSize Grid_Pos1_ACC Grid_Pos2_ACC Grid_Pos3_ACC Grid_Pos4_ACC Grid_Pos5_ACC Grid_Pos1_RT Grid_Pos2_RT Grid_Pos3_RT Grid_Pos4_RT Grid_Pos5_RT SumACC_Grid Pos1_ACC_SecTask Pos2_ACC_SecTask Pos3_ACC_SecTask Pos4_ACC_SecTask Pos5_ACC_SecTask Pos6_ACC_SecTask Pos7_ACC_SecTask Pos8_ACC_SecTask Pos9_ACC_SecTask Pos10_ACC_SecTask Pos1_RT_SecTask Pos2_RT_SecTask Pos3_RT_SecTask Pos4_RT_SecTask Pos5_RT_SecTask Pos6_RT_SecTask Pos7_RT_SecTask Pos8_RT_SecTask Pos9_RT_SecTask Pos10_RT_SecTask SumACC_SecTask IIP IOP DIP DIOP NPLs Misses
5 1 5 0 0 0 1 1 6.8801 5.1194 9.8247 0.9190 2.2084 4.000000e-01 0 1 1 0 1 1 1 1 1 1 1.7000 1.2137 1.2813 1.2408 0.8594 1.2587 1.0143 1.2062 0.6547 1.0285 8.000000e-01 2 3 0 0 0 0 0 0 0 0 
5 2 5 1 1 1 1 1 2.7612 1.3038 6.3846 2.0697 0.3676 1 1 1 1 1 1 1 1 0 1 1 1.0775 0.7105 1.0065 0.6771 0.6772 0.7269 0.8224 0.6549 0.9899 0.8858 9.000000e-01 5 0 0 0 0 0 0 0 0 0 
5 3 5 1 1 1 1 1 2.8736 8.7407 1.1344 0.8102 8.0868 1 1 1 1 1 1 0 1 1 0 1 0.9514 1.2632 0.8566 0.7546 0.8975 1.1957 1.0430 0.9025 1.1289 0.8533 8.000000e-01 5 0 0 0 0 0 0 0 0 0 
5 4 5 1 1 1 1 1 6.2399 0.8666 1.8319 3.8100 10.9752 1 1 1 1 1 1 1 1 1 1 1 0.7726 0.7774 0.6245 0.6884 1.1384 0.9210 0.8609 0.9206 0.9679 0.7930 1 5 0 0 0 0 0 0 0 0 0 
5 5 5 1 1 1 1 0 5.1374 1.1425 0.3894 0.8603 16.0507 8.000000e-01 1 1 1 1 0 1 1 1 1 0 0.8029 0.7016 0.6586 0.5132 0.9942 1.0336 0.7009 0.8473 1.1183 0.8042 8.000000e-01 4 0 1 0 0 0 0 0 0 0 
5 6 5 1 1 1 1 1 4.8439 0.7896 3.9335 1.3685 4.3595 1 0 1 1 0 1 1 1 1 1 1 0.9725 0.7470 0.6978 1.1587 1.2573 0.7304 1.0996 0.7898 0.7914 0.7216 8.000000e-01 5 0 0 0 0 0 0 0 0 0 
5 7 5 1 1 1 1 1 5.1711 0.3965 1.1013 0.3413 0.5252 1 1 1 1 1 1 1 1 1 1 1 0.9330 0.5533 0.7168 0.6392 0.8417 0.9495 0.8562 0.9822 0.8354 0.6844 1 5 0 0 0 0 0 0 0 0 0 
5 8 5 0 1 1 1 1 2.0769 5.2924 1.0809 0.5976 1.9890 8.000000e-01 1 1 1 1 1 1 1 1 1 0 0.6101 0.7476 0.7017 0.6270 0.6754 0.7007 1.1263 0.5569 0.6810 1.0127 9.000000e-01 4 1 0 0 0 0 0 0 0 0 
5 9 5 1 1 1 1 1 2.3246 0.5815 0.7335 0.9161 2.5963 1 1 1 1 1 1 1 1 1 1 1 0.8662 0.6498 0.7744 0.5585 0.7293 0.7649 0.9137 0.8381 0.6626 0.7887 1 5 0 0 0 0 0 0 0 0 0 
5 10 5 1 1 1 1 1 3.1170 0.4037 2.4638 2.8821 0.3155 1 1 0 1 1 0 1 1 1 1 1 0.6852 0.6257 0.7053 0.9255 1.1467 1.0944 0.7619 0.7980 1.1312 0.7650 8.000000e-01 5 0 0 0 0 0 0 0 0 0 
